123 124 64 63 122
62 61 69 70 24
60 103 27 29 30
23 41 31 42 125
26 71 33 34 98
72 4 25 102 79
80 5 97 136 32
67 99 101 21 28
3 134 100 22 78
104 133 49 15 16
19 20 73 128 74
57 90 105 127 120
39 119 46 116 40
45 11 108 117 38
12 109 132 89 88
216 218 229 126 226
228 232 230 222 221
217 225 219 266 207
224 227 231 258 233
209 235 236 234 163
223 145 208 6 192
265 245 151 268 251
193 81 182 169 172
183 241 165 167 150
243 260 161 144 143
181 142 141 162 155
252 253 166 171 264
263 164 176 248 267
154 175 149 179 259
180 261 250 138 173
197 220 240 168 147
242 140 146 203 139
206 158 196 170 153
156 159 202 157 160
249 256 187 186 195
152 189 257 148 211
194 174 185 177 190
184 254 246 178 204
244 188 205 262 212
199 56 213 198 191
210 238 237 239 137
55 247 106 77 85
84 135 255 82 214
83 215 2 75 66
107 65 87 47 7
37 76 8 115 121
54 13 10 44 200
53 9 131 43 201
14 86 114 1 48
112 113 118 58 59
35 50 91 36 93
68 130 17 110 18
92 52 95 96 51
111 94 129
