128 130 127 135 136
97 98 63 129 100
116 137 22 62 60
99 61 115 101 69
102 133 29 28 23
103 3 32 67 105
27 108 78 140 106
2 68 107 104 25
80 134 126 79 118
30 24 41 39 38
26 96 43 31 92
117 91 113 119 114
21 5 81 123 120
46 47 125 228 238
236 131 139 207 94
121 203 202 206 90
204 82 222 205 270
85 84 242 144 77
132 146 141 161 83
66 167 258 158 162
48 232 170 254 199
243 65 168 225 166
55 122 159 45 237
165 64 200 171 160
145 268 244 214 181
180 58 10 176 252
164 192 247 255 197
169 152 151 215 174
185 143 189 177 233
155 190 253 54 216
208 179 248 178 188
235 246 184 234 142
153 219 150 266 265
217 196 186 224 229
149 72 111 226 267
15 241 191 112 175
260 156 71 264 187
18 201 6 262 19
212 227 263 231 239
157 124 195 249 154
198 223 211 240 109
76 7 173 57 221
163 88 110 75 89
147 56 44 86 49
194 148 183 193 220
230 251 182 53 36
172 256 218 261 209
269 245 93 40 95
250 11 210 12 37
257 9 213 33 259
8 52 87 1 42
70 20 13 4 138
74 73 34 16 17
14 35 51 59 50
